[GENERAL]
CameraModel=Nikon D200
CameraSerial=initial
LensModel=Nikkor 20mm
LensSerial=initial
Settings=Aperture 8, Exposure Time 1/250 sec, Flash
[PARAMETERS]
#fx=3351.9553443295596800
fx = 1.32419e3
fy=3353.0240989345600000
k1=-0.1022307874825570
k2=0.0082908365417158
k3=0.3649073322143020
k4=-0.5757558711990420
Cx=1957.2021474261401600
Cy=1300.7858830228699200
p1=-0.0003988700570430
p2=0.0008946050386306
Nx=1200
Ny=1600
dx=0.0000061000000000
dy=0.0000061000000000
# This is matrix_01.txt.
#scanner = 4 4 0.999998 -0.000282 -0.001781 0.000150 0.000283 1.000000 0.000583 -0.003122 0.001781 -0.000584 0.999998 -0.000243 0.000000 0.000000 0.000000 1.000000 
# This is matrix_05.txt
#scanner = 4 4 0.994268 -0.106888 0.002478 9.046547 0.106876 0.994262 0.004450 9.068920 -0.002940 -0.004160 0.999987 -0.019042 0.000000 0.000000 0.000000 1.000000 
scanner = 4 4 1 0 0 0 0 1 0 0 0 0 1 0 0 0 0 0 1
camera = 4 4 1 0 0 0 0 1 0 0 0 0 1 0 0 0 0 0 1
spin = 4 4 1 0 0 0 0 1 0 0 0 0 1 0 0 0 0 0 1

# The matrix (in Monika's coordinate frame, where +z is "forward" and +y is
# down), that gets us from the robot to the camera. This is taken verbatim
# here, and the coordinate fixups (and unit conversions; the translation is in
# mm, not meters) are done in code.
robot_cam = 4 4 0.9795 0.0940 0.1780 85.8394 -0.0097 0.9053 -0.4246 -33.9370 -0.2010 0.4141 0.8877 138.1021 0 0 0 1

# How far off the floor is our camera?
robot_cam_height = 0.19
# and where is the floor?
floor_z = 4065

# The color-conversion matrix; see naive_color_calibrator.py.
#color_conversion = 4 4 1.00435771656 0.0116838854651 0.000407679547666 -2.56993184329e-16 0.011159096673 0.98657682142 -0.00208290583599 5.93814141739e-16 -0.00654500263587 0.0137598945368 1.01141148127 -3.81025912861e-16 -7.55102844502 -7.68866294841 -7.56820473226 1.0 
color_conversion =  4 4 1.5945    0.2058   -0.0228         0 -0.2013    1.3757   -0.1410         0 0.1120    0.0659    1.9146         0 -57.7055  -57.3662  -46.3432    1.0000

#camera = 4 4 -0.000856911 -0.001294484 0.999998795 -0.246438519 -0.032813615 -0.999460614 -0.001321905 0.008970924 0.999461121 -0.032814708 0.000813972 -0.025050217 0.000000000 0.000000000 0.000000000 1.000000000


# This is img16.dat (from matrix_01.txt).
#spin = 4 4 0.842118417 -0.539292658 0.000000000 0.000000000 0.539292658 0.842118417 0.000000000 0.000000000 0.000000000 0.000000000 1.000000000 0.000000000 0.000000000 0.000000000 0.000000000 1.000000000

# This is img5.dat (from matrix_05).
#spin = 4 4 0.288187912 0.957573876 0.000000000 0.000000000 -0.957573876 0.288187912 0.000000000 0.000000000 0.000000000 0.000000000 1.000000000 0.000000000 0.000000000 0.000000000 0.000000000 1.000000000

# Scrunch the image down to this size.
scalefactor = 0.25

# Easy MM parameters.
meanD_D = 1.0
meanC_D = 0.0
meanT_D = 0
meanD_T = 0.0
meanC_T = 0.0
meanT_T = 1.0;
stddevD_D = 0.15
stddevC_D = 0.010
stddevT_D = 0.010
stddevD_T = 0.010
stddevC_T = 0.010
stddevT_T = 0.2
min_trans_stddev = 0.1
min_rot_stddev = 0.02
